30
1 2 14 13
2 8 1 7 19 15 4 5 10 12
3 2 1 2
4 6 30 27 20 9 8 7
5 10 11 12 13 14 15 16 17 18 19 20
6 5 5 4 3 2 1
7 7 1 13 14 20 29 8 11
8 5 11 29 17 14 20
9 5 19 16 17 13 14
10 4 29 20 19 17
11 4 20 8 29 19
12 10 1 2 3 4 5 6 7 8 9 10
13 5 1 14 17 29 19
14 5 20 8 17 13 1
15 13 1 3 5 7 9 11 30 29 28 25 24 23 10
16 8 1 9 7 3 21 28 22 25
17 4 14 13 8 29
18 6 4 2 8 6 11 19
19 3 13 11 29
20 3 11 8 14
21 8 1 2 3 4 5 6 7 8
22 3 17 19 21
23 12 2 4 6 8 12 13 18 16 24 26 28 29
24 6 4 14 24 6 16 26
25 3 7 8 9
26 8 25 29 27 24 21 19 12 4
27 5 1 9 5 22 24
28 4 14 13 8 29
29 5 13 19 17 8 11
30 20 1 2 3 4 5 6 7 8 9 10 29 28 27 26 25 24 23 22 21 20